294
0 0 11 0
0 1 11 1
0 2 11 2
0 3 11 3
0 4 11 4
0 5 11 5
0 6 11 6
0 7 11 7
0 8 11 8
0 9 0 20
2 10 13 10
2 11 13 11
2 12 2 23
3 12 3 23
4 12 15 12
4 13 15 13
4 14 15 14
4 15 15 15
4 16 15 16
4 17 4 28
6 18 17 18
6 19 17 19
6 20 17 20
6 21 17 21
6 22 17 22
6 23 6 34
7 23 7 34
9 24 20 24
9 25 20 25
9 26 20 26
9 27 20 27
9 28 20 28
9 29 20 29
9 30 20 30
9 31 20 31
9 32 20 32
9 33 20 33
9 34 20 34
9 35 20 35
9 36 20 36
9 37 20 37
9 38 20 38
9 39 20 39
9 40 20 40
9 41 20 41
9 42 20 42
9 43 20 43
9 44 20 44
9 45 20 45
9 46 20 46
9 47 20 47
9 48 20 48
9 49 9 60
10 49 10 60
11 49 11 60
12 49 23 49
12 50 23 50
12 51 23 51
12 52 23 52
12 53 23 53
12 54 23 54
12 55 23 55
12 56 23 56
12 57 23 57
12 58 23 58
12 59 23 59
12 60 23 60
12 61 23 61
12 62 23 62
12 63 23 63
12 64 23 64
12 65 23 65
12 66 23 66
12 67 23 67
12 68 23 68
12 69 23 69
12 70 23 70
12 71 23 71
12 72 23 72
12 73 23 73
12 74 23 74
13 76 24 76
13 77 24 77
13 78 13 89
14 78 14 89
15 78 26 78
15 79 26 79
15 80 26 80
15 81 26 81
15 82 26 82
15 83 15 94
16 83 27 83
16 84 27 84
16 85 27 85
16 86 27 86
16 87 27 87
16 88 27 88
16 89 27 89
16 90 16 101
17 90 17 101
18 90 18 101
19 90 19 101
21 91 32 91
21 92 32 92
21 93 32 93
21 94 32 94
21 95 32 95
21 96 32 96
21 97 32 97
21 98 32 98
21 99 32 99
21 100 32 100
21 101 32 101
21 102 32 102
21 103 32 103
21 104 32 104
21 105 32 105
21 106 32 106
21 107 32 107
21 108 21 119
22 108 22 119
23 108 34 108
23 109 34 109
23 110 34 110
23 111 34 111
23 112 34 112
24 114 35 114
24 115 35 115
24 116 35 116
24 117 35 117
24 118 35 118
24 119 35 119
24 120 35 120
24 121 35 121
24 122 24 133
25 122 25 133
26 122 37 122
26 123 26 134
27 123 38 123
27 124 38 124
27 125 38 125
27 126 27 137
29 127 40 127
29 128 40 128
29 129 40 129
29 130 40 130
29 131 40 131
29 132 29 143
30 132 30 143
31 132 31 143
32 132 32 143
34 133 45 133
34 134 45 134
34 135 45 135
34 136 45 136
34 137 45 137
34 138 45 138
34 139 45 139
34 140 45 140
34 141 45 141
34 142 34 153
35 142 46 142
35 143 46 143
35 144 46 144
35 145 46 145
35 146 46 146
35 147 46 147
35 148 46 148
35 149 35 160
36 149 47 149
36 150 47 150
36 151 47 151
36 152 47 152
36 153 36 164
37 153 37 164
38 153 38 164
39 153 50 153
39 154 50 154
39 155 50 155
39 156 50 156
39 157 50 157
39 158 50 158
39 159 50 159
39 160 50 160
39 161 50 161
39 162 50 162
39 163 50 163
39 164 50 164
39 165 50 165
39 166 50 166
39 167 50 167
39 168 50 168
39 169 50 169
39 170 50 170
39 171 50 171
39 172 50 172
39 173 50 173
39 174 39 185
40 174 40 185
41 174 41 185
43 175 43 186
44 175 44 186
45 175 45 186
46 175 46 186
47 175 47 186
48 175 48 186
49 175 49 186
50 175 50 186
51 175 51 186
52 175 63 175
52 176 63 176
52 177 63 177
52 178 63 178
52 179 63 179
52 180 63 180
52 181 63 181
52 182 63 182
52 183 63 183
52 184 63 184
52 185 63 185
52 186 63 186
53 188 64 188
53 189 64 189
53 190 53 201
54 190 54 201
55 190 66 190
55 191 66 191
55 192 55 203
57 193 68 193
57 194 68 194
57 195 68 195
57 196 68 196
57 197 68 197
57 198 68 198
57 199 57 210
58 199 69 199
58 200 69 200
58 201 69 201
58 202 69 202
58 203 69 203
58 204 69 204
58 205 69 205
58 206 69 206
58 207 69 207
58 208 69 208
58 209 69 209
58 210 69 210
58 211 69 211
58 212 69 212
58 213 69 213
58 214 69 214
58 215 69 215
58 216 69 216
58 217 69 217
58 218 58 229
59 218 70 218
59 219 70 219
60 221 71 221
60 222 60 233
61 222 72 222
61 223 72 223
61 224 72 224
61 225 72 225
61 226 72 226
61 227 72 227
62 229 73 229
62 230 73 230
62 231 73 231
62 232 62 243
63 232 63 243
65 233 76 233
65 234 76 234
65 235 76 235
65 236 65 247
67 238 78 238
67 239 68 239
69 239 70 239
71 239 72 239
73 239 74 239
75 239 86 239
76 241 77 243
78 241 89 241
78 242 89 242
78 243 79 247
80 243 81 247
82 243 83 247
84 243 95 243
84 244 95 244
84 245 95 245
84 246 86 249
87 246 98 246
87 247 98 247
87 248 98 248
87 249 98 249
