1091
0 0 13 0
1 2 14 2
1 3 14 3
1 4 1 17
2 4 2 17
3 4 16 4
3 5 3 18
8 9 21 9
8 10 8 23
10 11 23 11
10 12 23 12
10 13 23 13
11 15 24 15
11 16 11 29
12 16 12 29
14 17 27 17
15 19 28 19
18 23 18 36
19 23 19 36
20 23 33 23
20 24 33 24
20 25 33 25
20 26 33 26
20 27 33 27
21 29 34 29
21 30 34 30
21 31 34 31
22 33 22 46
23 33 36 33
23 34 23 47
24 34 37 34
25 36 38 36
25 37 38 37
25 38 38 38
25 39 38 39
25 40 38 40
26 42 39 42
26 43 26 56
27 43 27 56
28 43 28 56
29 43 29 56
31 44 44 44
31 45 44 45
31 46 44 46
31 47 31 60
33 48 33 61
35 49 48 49
36 51 49 51
36 52 49 52
36 53 49 53
36 54 36 67
37 54 37 67
38 54 38 67
39 54 39 67
40 54 40 67
43 56 56 56
43 57 43 70
45 58 45 71
46 58 59 58
46 59 46 72
47 59 47 72
48 59 48 72
49 59 49 72
50 59 50 72
51 59 51 72
52 59 52 72
53 59 53 72
54 59 54 72
56 60 69 60
56 61 69 61
56 62 69 62
57 64 57 77
58 64 71 64
58 65 71 65
58 66 71 66
59 68 72 68
59 69 72 69
59 70 59 83
60 70 60 83
61 70 61 83
62 70 62 83
63 70 63 83
65 71 78 71
65 72 78 72
65 73 78 73
65 74 78 74
65 75 78 75
65 76 78 76
66 78 66 91
67 78 67 91
68 78 68 91
69 78 69 91
71 79 84 79
71 80 84 80
71 81 84 81
71 82 71 95
73 83 73 96
74 83 87 83
76 86 89 86
76 87 76 100
77 87 90 87
77 88 90 88
78 90 91 90
78 91 91 91
78 92 91 92
78 93 78 106
80 94 80 107
82 95 95 95
82 96 95 96
84 99 97 99
84 100 97 100
85 102 98 102
85 103 98 103
85 104 98 104
85 105 85 118
86 105 86 118
87 105 87 118
90 107 90 120
91 107 91 120
95 110 108 110
95 111 108 111
95 112 95 125
96 112 96 125
97 112 110 112
97 113 97 126
98 113 98 126
99 113 99 126
101 114 114 114
101 115 114 115
101 116 101 129
102 116 102 129
103 116 116 116
104 118 104 131
106 119 119 119
106 120 119 120
106 121 106 134
107 121 107 134
109 122 122 122
109 123 122 123
109 124 122 124
110 126 123 126
110 127 110 140
111 127 124 127
111 128 124 128
111 129 124 129
111 130 111 143
112 130 112 143
113 130 113 143
116 132 129 132
116 133 129 133
116 134 129 134
116 135 116 148
117 135 117 148
119 136 132 136
119 137 132 137
119 138 132 138
119 139 132 139
121 142 134 142
121 143 134 143
121 144 121 157
124 146 137 146
124 147 124 160
125 147 125 160
127 148 140 148
127 149 127 162
128 149 128 162
130 150 143 150
130 151 130 164
131 151 131 164
132 151 132 164
133 151 133 164
134 151 134 164
136 152 149 152
136 153 149 153
136 154 149 154
138 157 138 170
141 159 141 172
142 159 155 159
142 160 155 160
142 161 155 161
143 163 156 163
143 164 156 164
143 165 156 165
143 166 156 166
144 168 144 181
145 168 145 181
146 168 159 168
147 170 147 183
149 171 162 171
149 172 149 185
151 173 164 173
151 174 151 187
154 176 154 189
155 176 155 189
157 177 170 177
157 178 157 191
158 178 158 191
159 178 159 191
162 180 175 180
163 182 176 182
164 184 177 184
164 185 177 185
165 187 165 200
168 189 168 202
169 189 169 202
171 190 184 190
171 191 184 191
171 192 184 192
171 193 184 193
171 194 184 194
171 195 184 195
171 196 184 196
171 197 171 210
172 197 185 197
172 198 185 198
172 199 172 212
174 200 187 200
174 201 174 214
176 202 176 215
177 202 190 202
177 203 190 203
177 204 190 204
177 205 190 205
177 206 190 206
178 208 191 208
178 209 191 209
179 211 192 211
179 212 179 225
180 212 180 225
181 212 194 212
181 213 194 213
181 214 194 214
182 216 182 229
183 216 183 229
184 216 184 229
185 216 185 229
186 216 186 229
188 217 201 217
188 218 201 218
188 219 201 219
188 220 188 233
189 220 189 233
190 220 190 233
192 221 192 234
194 222 207 222
194 223 207 223
194 224 194 237
195 224 195 237
196 224 196 237
197 224 197 237
198 224 198 237
200 225 200 238
202 226 202 239
203 226 203 239
204 226 204 239
205 226 205 239
207 227 220 227
211 232 224 232
211 233 224 233
211 234 224 234
212 236 225 236
212 237 225 237
212 238 225 238
212 239 225 239
212 240 225 240
212 241 225 241
212 242 212 255
214 243 227 243
214 244 227 244
214 245 227 245
214 246 227 246
215 248 215 261
216 248 216 261
217 248 217 261
218 248 218 261
219 248 219 261
220 248 220 261
221 248 221 261
222 248 222 261
223 248 236 248
223 249 236 249
224 251 224 264
225 251 238 251
225 252 238 252
225 253 238 253
225 254 238 254
225 255 238 255
225 256 225 269
226 256 239 256
226 257 239 257
226 258 239 258
226 259 239 259
226 260 239 260
228 263 241 263
228 264 241 264
229 266 229 279
230 266 243 266
230 267 243 267
230 268 243 268
230 269 243 269
231 271 244 271
231 272 244 272
231 273 231 286
232 273 232 286
233 273 246 273
233 274 246 274
233 275 246 275
235 278 248 278
235 279 235 292
236 279 236 292
237 279 237 292
239 280 252 280
239 281 252 281
239 282 252 282
239 283 239 296
240 283 253 283
240 284 253 284
240 285 240 298
241 285 241 298
242 285 255 285
242 286 242 299
243 286 256 286
243 287 243 300
244 287 257 287
246 290 259 290
246 291 259 291
246 292 259 292
246 293 246 306
247 293 260 293
247 294 247 307
248 294 248 307
249 294 249 307
250 294 250 307
251 294 251 307
252 294 252 307
253 294 266 294
253 295 266 295
254 297 267 297
256 300 269 300
256 301 256 314
257 301 257 314
259 302 259 315
261 303 274 303
261 304 274 304
261 305 274 305
261 306 274 306
262 308 275 308
262 309 262 322
263 309 263 322
264 309 277 309
264 310 277 310
265 312 265 325
267 313 267 326
268 313 281 313
268 314 281 314
268 315 281 315
268 316 281 316
269 318 269 331
270 318 270 331
271 318 271 331
274 320 274 333
276 321 289 321
276 322 289 322
276 323 276 336
278 324 278 337
280 325 280 338
282 326 295 326
282 327 295 327
282 328 295 328
282 329 295 329
282 330 295 330
283 332 283 345
284 332 284 345
285 332 298 332
285 333 285 346
288 335 288 348
290 336 303 336
290 337 290 350
291 337 291 350
293 338 306 338
293 339 306 339
293 340 293 353
295 341 308 341
295 342 295 355
296 342 296 355
298 343 311 343
298 344 311 344
298 345 298 358
299 345 312 345
299 346 312 346
300 348 313 348
300 349 300 362
301 349 301 362
302 349 302 362
304 350 304 363
305 350 305 363
306 350 306 363
307 350 307 363
309 351 309 364
311 352 324 352
311 353 324 353
311 354 324 354
311 355 324 355
311 356 324 356
311 357 324 357
314 361 314 374
315 361 315 374
316 361 329 361
318 364 331 364
319 366 332 366
320 368 333 368
320 369 333 369
320 370 333 370
320 371 333 371
320 372 333 372
320 373 320 386
321 373 321 386
322 373 335 373
322 374 335 374
322 375 335 375
322 376 322 389
324 377 337 377
324 378 337 378
324 379 337 379
324 380 324 393
325 380 338 380
325 381 338 381
325 382 325 395
327 383 340 383
327 384 327 397
330 386 343 386
331 388 331 401
333 389 346 389
333 390 346 390
333 391 346 391
333 392 346 392
333 393 346 393
333 394 346 394
335 397 348 397
335 398 348 398
335 399 348 399
335 400 348 400
336 402 349 402
337 404 350 404
337 405 350 405
337 406 350 406
337 407 350 407
337 408 350 408
337 409 337 422
339 410 352 410
339 411 352 411
340 413 353 413
340 414 340 427
341 414 341 427
342 414 342 427
344 415 344 428
345 415 358 415
345 416 358 416
345 417 358 417
346 419 359 419
346 420 346 433
347 420 347 433
348 420 361 420
348 421 361 421
349 423 349 436
350 423 350 436
352 424 365 424
353 426 353 439
354 426 367 426
354 427 367 427
354 428 354 441
355 428 355 441
356 428 356 441
357 428 357 441
359 429 359 442
360 429 373 429
360 430 373 430
361 432 374 432
361 433 374 433
361 434 361 447
362 434 362 447
363 434 363 447
365 435 378 435
365 436 378 436
366 438 379 438
366 439 379 439
366 440 379 440
366 441 379 441
366 442 379 442
366 443 379 443
367 445 367 458
368 445 381 445
368 446 381 446
368 447 368 460
369 447 382 447
370 449 383 449
370 450 383 450
370 451 383 451
370 452 383 452
370 453 383 453
370 454 383 454
371 456 371 469
373 457 386 457
373 458 386 458
373 459 386 459
373 460 386 460
373 461 386 461
373 462 386 462
373 463 373 476
375 464 375 477
377 465 377 478
378 465 391 465
378 466 391 466
378 467 391 467
378 468 391 468
378 469 391 469
378 470 378 483
380 471 380 484
384 474 397 474
385 476 398 476
385 477 398 477
385 478 398 478
385 479 398 479
385 480 398 480
385 481 385 494
387 482 400 482
387 483 400 483
388 485 388 498
392 488 405 488
392 489 392 502
393 489 406 489
394 491 407 491
394 492 407 492
397 496 410 496
397 497 410 497
397 498 410 498
397 499 410 499
398 501 411 501
398 502 411 502
399 504 399 517
400 504 413 504
400 505 400 518
401 505 401 518
403 506 416 506
404 508 417 508
404 509 417 509
404 510 417 510
404 511 417 511
404 512 417 512
404 513 417 513
404 514 404 527
405 514 405 527
406 514 406 527
407 514 407 527
409 515 422 515
409 516 422 516
409 517 409 530
410 517 410 530
411 517 411 530
412 517 412 530
413 517 413 530
415 518 428 518
415 519 428 519
415 520 428 520
415 521 415 534
417 522 417 535
418 522 418 535
419 522 419 535
420 522 420 535
421 522 421 535
422 522 422 535
424 523 437 523
424 524 424 537
426 525 439 525
426 526 426 539
427 526 427 539
429 527 442 527
429 528 442 528
429 529 429 542
430 529 430 542
432 530 445 530
432 531 432 544
435 533 448 533
435 534 435 547
438 536 451 536
438 537 451 537
438 538 451 538
438 539 438 552
439 539 439 552
441 540 454 540
441 541 454 541
441 542 441 555
444 544 457 544
444 545 444 558
445 545 445 558
446 545 446 558
447 545 447 558
448 545 448 558
450 546 450 559
451 546 451 559
453 547 453 560
454 547 454 560
455 547 468 547
455 548 468 548
455 549 455 562
457 550 470 550
457 551 470 551
457 552 457 565
458 552 458 565
459 552 459 565
463 555 476 555
463 556 463 569
465 557 478 557
465 558 478 558
466 560 479 560
466 561 479 561
466 562 479 562
466 563 479 563
466 564 479 564
466 565 466 578
467 565 467 578
469 566 482 566
469 567 482 567
469 568 469 581
470 568 483 568
470 569 483 569
470 570 470 583
472 571 472 584
474 572 487 572
474 573 487 573
474 574 487 574
474 575 487 575
474 576 474 589
475 576 488 576
475 577 488 577
476 579 489 579
476 580 489 580
476 581 476 594
478 582 491 582
478 583 491 583
478 584 478 597
479 584 479 597
481 585 494 585
481 586 494 586
482 588 495 588
482 589 482 602
483 589 496 589
484 591 497 591
486 594 499 594
489 598 489 611
490 598 490 611
491 598 491 611
493 599 506 599
493 600 493 613
496 602 496 615
497 602 497 615
498 602 498 615
500 603 500 616
504 606 517 606
504 607 517 607
504 608 517 608
504 609 504 622
505 609 505 622
506 609 506 622
507 609 507 622
510 611 523 611
511 613 524 613
512 615 525 615
512 616 525 616
512 617 525 617
512 618 512 631
513 618 513 631
514 618 514 631
515 618 528 618
516 620 529 620
516 621 529 621
516 622 529 622
516 623 529 623
516 624 529 624
516 625 529 625
516 626 529 626
516 627 529 627
516 628 529 628
516 629 529 629
516 630 529 630
517 632 530 632
518 634 518 647
519 634 519 647
521 635 521 648
522 635 535 635
522 636 535 636
522 637 535 637
522 638 522 651
523 638 523 651
524 638 524 651
525 638 525 651
526 638 526 651
527 638 527 651
528 638 528 651
529 638 529 651
531 639 544 639
531 640 531 653
534 642 547 642
535 644 535 657
537 645 537 658
539 646 552 646
539 647 552 647
540 649 553 649
540 650 540 663
541 650 541 663
542 650 555 650
542 651 555 651
542 652 555 652
542 653 555 653
542 654 555 654
542 655 555 655
542 656 555 656
542 657 542 670
543 657 556 657
543 658 543 671
545 659 558 659
545 660 558 660
545 661 545 674
546 661 546 674
548 662 561 662
548 663 561 663
548 664 561 664
548 665 561 665
550 668 550 681
551 668 564 668
553 671 553 684
554 671 567 671
554 672 554 685
555 672 555 685
557 673 557 686
558 673 571 673
558 674 558 687
559 674 572 674
560 676 573 676
560 677 573 677
561 679 561 692
562 679 575 679
562 680 575 680
562 681 562 694
563 681 563 694
564 681 577 681
565 683 578 683
565 684 578 684
565 685 578 685
566 687 579 687
567 689 567 702
568 689 581 689
568 690 568 703
571 692 584 692
571 693 571 706
572 693 585 693
572 694 585 694
572 695 572 708
574 696 587 696
575 698 575 711
576 698 576 711
577 698 577 711
579 699 592 699
580 701 593 701
581 703 594 703
581 704 594 704
581 705 581 718
582 705 582 718
583 705 596 705
583 706 583 719
584 706 597 706
584 707 597 707
584 708 597 708
584 709 597 709
584 710 597 710
584 711 597 711
584 712 597 712
584 713 597 713
584 714 597 714
584 715 584 728
586 716 599 716
586 717 599 717
588 720 601 720
588 721 601 721
588 722 601 722
590 725 590 738
591 725 591 738
592 725 592 738
593 725 593 738
594 725 594 738
595 725 595 738
597 726 597 739
599 727 599 740
600 727 613 727
600 728 600 741
601 728 601 741
602 728 602 741
603 728 603 741
605 729 618 729
606 731 619 731
606 732 619 732
606 733 606 746
609 735 622 735
609 736 622 736
609 737 622 737
609 738 609 751
611 739 624 739
611 740 611 753
612 740 612 753
614 741 627 741
614 742 627 742
614 743 627 743
615 745 628 745
615 746 628 746
616 748 629 748
616 749 629 749
617 751 630 751
617 752 630 752
617 753 630 753
617 754 630 754
617 755 617 768
618 755 618 768
619 755 619 768
621 756 634 756
621 757 634 757
621 758 634 758
622 760 635 760
622 761 622 774
623 761 623 774
625 762 638 762
625 763 638 763
625 764 625 777
626 764 639 764
626 765 639 765
626 766 639 766
626 767 639 767
626 768 639 768
626 769 639 769
626 770 639 770
627 772 640 772
627 773 640 773
627 774 627 787
628 774 628 787
630 775 630 788
632 776 645 776
633 778 633 791
634 778 634 791
635 778 648 778
635 779 648 779
635 780 648 780
636 782 649 782
636 783 636 796
637 783 650 783
639 786 652 786
639 787 652 787
639 788 652 788
639 789 652 789
639 790 652 790
639 791 639 804
641 792 654 792
641 793 654 793
641 794 641 807
642 794 642 807
643 794 643 807
644 794 644 807
645 794 645 807
647 795 647 808
648 795 648 808
650 796 650 809
653 798 666 798
653 799 666 799
653 800 666 800
653 801 666 801
653 802 653 815
654 802 667 802
654 803 654 816
655 803 655 816
657 804 657 817
660 806 660 819
662 807 675 807
663 809 663 822
664 809 677 809
664 810 677 810
664 811 664 824
666 812 679 812
666 813 666 826
667 813 667 826
668 813 668 826
669 813 682 813
670 815 683 815
671 817 671 830
673 818 686 818
674 820 687 820
675 822 675 835
676 822 676 835
679 824 692 824
679 825 679 838
680 825 680 838
681 825 694 825
681 826 694 826
681 827 694 827
681 828 694 828
681 829 694 829
681 830 694 830
681 831 694 831
682 833 695 833
682 834 695 834
682 835 695 835
683 837 696 837
683 838 696 838
683 839 696 839
683 840 696 840
684 842 684 855
685 842 685 855
687 843 700 843
687 844 700 844
687 845 700 845
687 846 700 846
687 847 687 860
688 847 688 860
689 847 689 860
690 847 690 860
692 848 705 848
692 849 705 849
692 850 692 863
694 851 694 864
695 851 708 851
695 852 695 865
696 852 696 865
698 853 711 853
698 854 698 867
700 855 713 855
700 856 700 869
701 856 701 869
702 856 702 869
703 856 703 869
705 857 718 857
705 858 705 871
709 861 709 874
710 861 723 861
710 862 710 875
712 863 725 863
713 865 726 865
713 866 726 866
713 867 726 867
713 868 713 881
714 868 714 881
715 868 715 881
716 868 716 881
718 869 718 882
719 869 732 869
719 870 732 870
719 871 719 884
720 871 733 871
720 872 733 872
720 873 733 873
720 874 733 874
721 876 734 876
721 877 734 877
721 878 734 878
721 879 734 879
721 880 734 880
721 881 734 881
721 882 734 882
722 884 722 897
724 885 724 898
725 885 738 885
725 886 738 886
725 887 725 900
726 887 726 900
727 887 740 887
727 888 727 901
729 889 742 889
729 890 729 903
731 891 744 891
732 893 745 893
732 894 745 894
732 895 745 895
732 896 732 909
734 897 734 910
736 898 736 911
737 898 750 898
737 899 750 899
737 900 737 913
739 901 739 914
741 902 741 915
744 904 744 917
746 905 759 905
746 906 759 906
747 908 760 908
747 909 747 922
749 910 762 910
749 911 762 911
750 913 750 926
751 913 751 926
752 913 765 913
752 914 765 914
752 915 765 915
752 916 752 929
753 916 753 929
754 916 767 916
754 917 767 917
754 918 754 931
755 918 755 931
756 918 756 931
758 919 771 919
758 920 771 920
758 921 758 934
760 922 760 935
761 922 774 922
761 923 761 936
762 923 762 936
763 923 763 936
764 923 777 923
764 924 764 937
765 924 765 937
768 926 768 939
769 926 769 939
771 927 771 940
772 927 772 940
773 927 773 940
774 927 774 940
775 927 775 940
776 927 776 940
778 928 791 928
778 929 791 929
778 930 791 930
778 931 791 931
778 932 778 945
779 932 792 932
779 933 779 946
780 933 793 933
780 934 793 934
780 935 780 948
781 935 781 948
783 936 796 936
786 940 799 940
786 941 786 954
788 942 788 955
790 943 803 943
791 945 804 945
791 946 791 959
792 946 792 959
793 946 793 959
796 948 809 948
796 949 796 962
797 949 797 962
798 949 798 962
799 949 799 962
800 949 800 962
801 949 801 962
802 949 802 962
804 950 817 950
804 951 817 951
804 952 817 952
805 954 805 967
806 954 806 967
807 954 807 967
809 955 822 955
809 956 822 956
810 958 823 958
810 959 823 959
810 960 823 960
810 961 823 961
810 962 810 975
811 962 811 975
812 962 812 975
814 963 827 963
814 964 827 964
815 966 828 966
815 967 828 967
815 968 828 968
815 969 828 969
815 970 828 970
815 971 828 971
816 973 829 973
816 974 816 987
818 975 818 988
820 976 833 976
820 977 833 977
820 978 820 991
821 978 834 978
821 979 834 979
821 980 834 980
821 981 834 981
821 982 821 995
822 982 822 995
823 982 823 995
825 983 838 983
825 984 838 984
825 985 838 985
